  1.000309  0.001544
  1.000071  0.001636
  0.999356  0.001911
  0.998165  0.002369
  0.996499  0.003007
  0.994359  0.003825
  0.991747  0.004819
  0.988664  0.005987
  0.985114  0.007325
  0.981099  0.008829
  0.976622  0.010494
  0.971686  0.012315
  0.966295  0.014288
  0.960454  0.016406
  0.954167  0.018663
  0.947439  0.021052
  0.940276  0.023567
  0.932684  0.026200
  0.924668  0.028943
  0.916235  0.031789
  0.907393  0.034731
  0.898148  0.037758
  0.888509  0.040865
  0.878484  0.044040
  0.868082  0.047277
  0.857311  0.050567
  0.846180  0.053899
  0.834701  0.057267
  0.822882  0.060659
  0.810735  0.064069
  0.798271  0.067487
  0.785500  0.070903
  0.772435  0.074310
  0.759088  0.077697
  0.745470  0.081058
  0.731595  0.084382
  0.717476  0.087662
  0.703127  0.090888
  0.688560  0.094054
  0.673790  0.097150
  0.658832  0.100168
  0.643700  0.103101
  0.628408  0.105941
  0.612972  0.108681
  0.597407  0.111313
  0.581730  0.113831
  0.565955  0.116227
  0.550098  0.118495
  0.534177  0.120630
  0.518207  0.122624
  0.502205  0.124472
  0.486187  0.126169
  0.470171  0.127710
  0.454173  0.129091
  0.438211  0.130307
  0.422301  0.131354
  0.406461  0.132230
  0.390432  0.132912
  0.374312  0.133320
  0.358312  0.133446
  0.342450  0.133292
  0.326747  0.132859
  0.311222  0.132151
  0.295895  0.131173
  0.280785  0.129929
  0.265911  0.128425
  0.251293  0.126669
  0.236947  0.124669
  0.222893  0.122433
  0.209146  0.119971
  0.195726  0.117294
  0.182646  0.114412
  0.169925  0.111336
  0.157575  0.108080
  0.145613  0.104656
  0.134051  0.101077
  0.122902  0.097357
  0.112179  0.093510
  0.101893  0.089549
  0.092056  0.085489
  0.082676  0.081344
  0.073763  0.077129
  0.065325  0.072858
  0.057370  0.068544
  0.049906  0.064202
  0.042937  0.059845
  0.036470  0.055486
  0.030509  0.051137
  0.025057  0.046811
  0.020119  0.042519
  0.015697  0.038272
  0.011793  0.034078
  0.008408  0.029949
  0.005543  0.025891
  0.003199  0.021913
  0.001374  0.018020
  0.000069  0.014219
 -0.000719  0.010513
 -0.000992  0.006907
 -0.000751  0.003402
  0.000000  0.000000
  0.001244 -0.003254
  0.002965 -0.006316
  0.005157 -0.009186
  0.007817 -0.011865
  0.010937 -0.014355
  0.014514 -0.016658
  0.018540 -0.018775
  0.023009 -0.020709
  0.027913 -0.022462
  0.033246 -0.024038
  0.039000 -0.025439
  0.045166 -0.026669
  0.051737 -0.027732
  0.058703 -0.028632
  0.066056 -0.029374
  0.073788 -0.029963
  0.081887 -0.030403
  0.090347 -0.030700
  0.099157 -0.030860
  0.108307 -0.030888
  0.117789 -0.030792
  0.127593 -0.030577
  0.137710 -0.030251
  0.148129 -0.029821
  0.158843 -0.029294
  0.169840 -0.028679
  0.181113 -0.027982
  0.192651 -0.027213
  0.204446 -0.026379
  0.216489 -0.025490
  0.228770 -0.024553
  0.241281 -0.023579
  0.254011 -0.022577
  0.266954 -0.021554
  0.280098 -0.020521
  0.293436 -0.019487
  0.306957 -0.018460
  0.320654 -0.017451
  0.334516 -0.016468
  0.348533 -0.015520
  0.362697 -0.014616
  0.376998 -0.013765
  0.391425 -0.012973
  0.406157 -0.012243
  0.421264 -0.011512
  0.436456 -0.010771
  0.451718 -0.010025
  0.467038 -0.009279
  0.482402 -0.008538
  0.497795 -0.007805
  0.513204 -0.007086
  0.528614 -0.006384
  0.544010 -0.005704
  0.559379 -0.005047
  0.574705 -0.004418
  0.589974 -0.003819
  0.605171 -0.003251
  0.620282 -0.002718
  0.635292 -0.002220
  0.650185 -0.001759
  0.664947 -0.001336
  0.679564 -0.000951
  0.694021 -0.000604
  0.708303 -0.000295
  0.722395 -0.000024
  0.736284  0.000210
  0.749954  0.000408
  0.763392  0.000570
  0.776583  0.000699
  0.789514  0.000796
  0.802172  0.000863
  0.814542  0.000901
  0.826611  0.000912
  0.838367  0.000899
  0.849796  0.000863
  0.860887  0.000807
  0.871627  0.000734
  0.882004  0.000644
  0.892007  0.000541
  0.901624  0.000426
  0.910845  0.000303
  0.919660  0.000172
  0.928058  0.000036
  0.936030 -0.000103
  0.943567 -0.000243
  0.950660 -0.000383
  0.957301 -0.000521
  0.963481 -0.000654
  0.969195 -0.000783
  0.974435 -0.000905
  0.979195 -0.001019
  0.983469 -0.001124
  0.987252 -0.001219
  0.990540 -0.001303
  0.993329 -0.001375
  0.995616 -0.001435
  0.997397 -0.001483
  0.998671 -0.001517
  0.999436 -0.001538
  0.999691 -0.001544