  1.000309  0.001544
  0.998820  0.002117
  0.994359  0.003825
  0.986948  0.006635
  0.976622  0.010494
  0.963431  0.015329
  0.947439  0.021052
  0.928728  0.027558
  0.907393  0.034731
  0.883545  0.042444
  0.857311  0.050567
  0.828833  0.058960
  0.798271  0.067487
  0.765796  0.076006
  0.731595  0.084382
  0.695870  0.092479
  0.658832  0.100168
  0.620707  0.107324
  0.581730  0.113831
  0.542145  0.119580
  0.502205  0.124472
  0.462169  0.128421
  0.422301  0.131354
  0.382359  0.133151
  0.342450  0.133292
  0.303532  0.131696
  0.265911  0.128425
  0.229882  0.123580
  0.195726  0.117294
  0.163702  0.109730
  0.134051  0.101077
  0.106981  0.091542
  0.082676  0.081344
  0.061287  0.070705
  0.042937  0.059845
  0.027719  0.048971
  0.015697  0.038272
  0.006911  0.027911
  0.001374  0.018020
 -0.000920  0.008698
  0.000000  0.000000
  0.004003 -0.007774
  0.010937 -0.014355
  0.020719 -0.019765
  0.033246 -0.024038
  0.048402 -0.027221
  0.066056 -0.029374
  0.086073 -0.030569
  0.108307 -0.030888
  0.132613 -0.030428
  0.158843 -0.029294
  0.186849 -0.027606
  0.216489 -0.025490
  0.247619 -0.023081
  0.280098 -0.020521
  0.313784 -0.017953
  0.348533 -0.015520
  0.384196 -0.013361
  0.421264 -0.011512
  0.459372 -0.009652
  0.497795 -0.007805
  0.536315 -0.006041
  0.574705 -0.004418
  0.612738 -0.002980
  0.650185 -0.001759
  0.686814 -0.000773
  0.722395 -0.000024
  0.756703  0.000493
  0.789514  0.000796
  0.820615  0.000909
  0.849796  0.000863
  0.876861  0.000691
  0.901624  0.000426
  0.923912  0.000104
  0.943567 -0.000243
  0.960449 -0.000588
  0.974435 -0.000905
  0.985422 -0.001172
  0.993329 -0.001375
  0.998098 -0.001502
  0.999691 -0.001544
  1.000309  0.001544